41385 320 2175
7241 15521 3585
5787 905 55174
8888 79015 7055
7445 4868 52146
12542 1348 4368
9543 9508 8895
737 6024 29455
68 2393 53623
2834 41453 1439
29895 2241 6873
9077 52485 6229
61625 3094 9022
15410 9283 6697
105 67157 3131
4413 95519 7953
1754 53904 961
6225 5949 1295
635 54655 7689
35 5770 34405
9588 15209 3065
9066 59594 6316
4856 9828 55293
5468 52847 7987
7152 5278 5046
9972 368 17546
2362 5913 33357
1755 431 22532
9761 52466 3015
49758 8110 5435
3836 56975 5095
9167 4733 45845
7169 958 35580
55883 2255 6371
9915 9741 22955
225 2862 86050
85500 306 5920
75767 831 3190
25586 560 5748
2133 8445 8356
3175 9916 22506
3064 12745 5874
23552 7731 9094
45005 3480 812
114 17775 2465
3650 65770 4829
2232 27195 1334
9508 8733 757
8731 56680 7055
7749 7927 251
6525 57567 1320
4538 38785 6471
9763 57573 9626
9670 6176 27512
3387 57551 2967
8918 1030 45679
2931 98352 4525
3733 58531 29
9099 1005 58493
3243 1554 51665
55164 957 6425
836 53158 3611
95824 348 2367
2918 13657 9875
3807 86159 8937
1709 4500 39516
1008 6431 65954
9666 52358 2960
531 32 5447
61573 5757 5449
45348 7701 9090
32285 8797 2749
25865 5806 5001
55686 2823 8310
40582 2614 6814
3808 3692 30165
2820 6912 15274
7775 5337 53813
2806 31635 9331
159 6127 21505
269 3705 52694
2716 68508 7684
55252 7709 9624
883 68495 4672
7413 21517 9326
3493 51548 4526
3514 58357 4233
48258 8382 6795
15755 6494 3659
6514 7319 10854
3654 7977 15655
7450 95929 4752
93574 8062 7476
4407 57886 841
5178 2748 5727
8259 2583 57531
5708 6567 24557
6022 2142 15975
28528 8509 9241
8745 5932 58463
32959 9717 5463
25596 3911 3171
13565 489 1682
18859 4388 3902
95601 4770 1057
8757 21658 7327
46252 6588 3258
2566 56554 1430
7157 49056 3324
1531 84358 5565
6051 5107 8988
9939 28750 1546
2399 5924 53768
2558 45095 9882
20054 7001 1814
41573 7409 4165
50451 1012 6843
90951 3832 1553
1844 7837 81859
5847 65059 1245
6455 45590 3402
95951 6462 5147
546 62385 5826
45103 6703 670
7405 5007 86325
5636 5843 9006
2953 1980 68958
1999 4804 15645
4756 8024 63955
7587 2652 40575
3194 20585 3962
4076 58154 4296
8682 3750 43958
6110 6572 51530
67551 1162 7582
15788 3435 9124
30225 7899 9944
46758 3309 1706
3397 95004 2530
3639 7048 51722
44956 6292 882
5890 6903 76574
15292 5347 7580
43556 7872 4976
2729 5378 3729
982 943 37656
43529 4103 7677
4676 7357 94759
3505 1913 95559
8650 9147 58731
85395 8322 9514
32353 929 6483
3904 35504 9400
42325 2343 958
1614 8769 950
4786 14953 4803
53854 6715 897
4229 6495 84875
9964 73775 9680
63235 6483 3321
882 226 48549
68895 4271 5842
65086 7262 5941
5946 7708 63955
5981 95655 6760
7264 85250 30
6697 4706 1354
53586 3556 9120
2248 26952 167
3408 15053 4022
4556 22524 4635
10 6857 28852
84354 3964 61
8438 5880 7742
6835 3369 80561
24850 728 160
803 29475 5258
5915 2463 28852
3272 60592 7781
8545 4388 94573
75657 4739 4602
5463 8197 95447
79579 5835 2339
6554 45455 9289
58532 6411 4869
5340 7603 46656
6887 35009 4495
7381 8365 4145
99526 799 7326
2290 182 51355
6021 1846 21435
53507 6682 7770
47705 9491 7745
85647 5397 3137
2286 90503 1292
7646 75258 9744
1855 15378 5682
7551 1402 45710
5066 37635 4953
5721 3517 7617
9560 951 85942
15655 5354 677
4472 23085 8691
37510 3808 9132
8744 10588 6626
1130 7259 85401
23507 1974 4185
71507 5488 5248
78506 9546 697
2243 39511 5417
83532 7130 4919
3470 5482 26575
7984 3757 2952
2597 9455 70255
300 6611 97755
7357 95665 5303
14058 8652 1113
2778 9573 56501
6565 24358 2238
475 8859 712
2747 30515 1220
5876 94550 5709
4118 1505 2741
4384 9947 64559
4124 6370 49115
6779 4210 64549
6999 9947 7564
726 3049 86851
6282 991 62905
3758 78565 462
353 65373 7499
61825 2177 585
1024 2453 52046
5526 75892 8671
807 5225 6940
7164 3441 28165
5270 8795 45182
6997 65770 6389
8659 7661 19517
9841 1798 51722
1110 816 52508
25786 8128 1874
6751 5760 95932
3118 45890 9946
15349 771 158
938 3900 63675
1960 3106 6758
9453 1678 84315
6448 55255 8610
8036 7964 5159
5661 2921 94527
30153 1187 7960
4313 15545 5964
1839 59001 9141
1309 45544 5079
91985 1944 7781
4425 27335 5203
5236 3342 66651
8947 55092 7348
8052 557 5833
8151 9684 52338
86530 1346 4698
3821 4704 24655
2705 604 55450
6778 55778 7737
75871 2704 3613
9554 32568 6782
6772 46562 2943
95351 4466 688
6515 54386 5475
33567 8378 536
451 1084 1945
9692 64725 5825
1383 7673 32655
881 20257 240
9989 35756 2767
9572 3348 45671
58527 4871 3530
8995 2213 54517
1003 35289 6417
9209 3773 13251
5559 29245 7807
28536 8688 595
834 3170 89375
75599 506 8927
4499 7959 82251
2291 3966 78415
8333 56534 6273
415 25917 1118
3165 85050 2162
3516 86352 3545
20655 6230 6388
4070 4446 53546
5658 35511 4000
65401 9175 2813
92075 2415 436
364 1069 95875
6517 337 53652
847 65474 416
5296 2823 59772
6383 10508 5617
8275 5255 5427
3539 1656 9552
5728 49050 2153
65308 1980 6314
5751 3602 75247
6619 3940 7536
8547 273 35172
2797 63095 2269
5459 9938 71528
71659 1516 2434
9382 95889 575
1174 95420 7213
9259 6065 81557
2878 9165 95426
7514 7663 8436
3840 54551 6655
7323 35433 4455
5179 3049 98599
3109 58542 8918
7759 23516 6638
2613 9254 92253
7886 55892 9271
4339 35823 3896
52589 629 187
1299 2477 54924
4021 9405 51526
36495 9649 8627
2769 32599 3179
9736 65568 874
455 64455 1251
9807 42570 8675
2463 7086 95752
6749 95192 7705
3040 4435 317
8142 15758 3157
85959 7048 7269
70576 4220 6197
4123 35863 1883
99580 6460 1614
8509 97509 2694
7436 3095 59520
5365 5372 1548
7900 4722 25801
6866 17562 8472
14658 995 7582
37615 8696 768
3882 65493 9175
8953 6695 19
4280 65494 8542
1917 56709 6680
8847 4108 15136
8414 6773 2551
75200 3961 6521
938 4702 85975
4734 15498 4606
91595 3810 6083
779 644 63592
9003 9680 56093
5104 88045 8986
3571 558 25507
7113 33705 8729
8215 56107 2151
80551 7589 7381
600 70588 9819
6810 5498 17545
4114 5695 51282
363 8296 98556
6705 8531 63575
7774 67535 8426
3245 72155 7374
1304 5158 23566
24594 5817 2335
5526 69951 9919
6915 7313 51751
1609 774 57292
6025 72546 9499
5398 53980 4639
4127 35347 9649
6488 967 65266
3855 90055 8360
65533 750 9765
7573 94255 8401
3056 1408 82352
653 86855 2057
26593 7444 9137
9930 43425 9615
25532 5533 6839
5075 7783 76005
5444 50459 488
1139 9852 78135
2804 59666 1988
9672 9360 16215
983 65344 7940
61945 849 2265
7856 4357 6923
1288 6063 99158
5782 87259 5399
6180 2309 51424
4350 53054 3171
15618 5441 8808
25727 1679 8366
84235 909 8806
1251 87485 4441
4915 75462 2461
9252 1646 54655
7504 6501 2457
35192 1373 5246
8558 31576 77
3807 8979 55175
1111 5464 38975
9617 9710 57929
2725 6858 88659
5625 6652 54791
9254 2484 15596
94175 870 2669
37765 6360 8974
65535 5830 1099
44556 5784 402
66532 230 3236
6943 721 37745
3869 8907 51012
50456 6818 139
4204 54071 3485
4531 54386 3185
4520 4791 57931
5092 8932 52447
11 25569 8524
80025 5697 1685
98850 1142 3427
2445 65862 1421
2862 34953 2664
1966 54767 8489
5376 6655 58022
4585 8721 35979
1007 13815 9782
4096 4065 25375
93535 4936 8109
88595 5781 2225
4757 7130 27550
7285 8636 63546
7975 950 54845
55729 6854 6188
42455 8769 6954
684 2617 59025
2316 5474 32597
2836 56860 5031
73825 9520 4775
5008 55359 5685
4519 5228 4345
7611 858 2079
8882 6845 74959
9470 5518 57362
5392 4365 25282
2726 9521 50557
8361 7211 65308
6294 76511 1796
3271 98765 9623
579 76505 5158
939 35757 7120
5108 58853 330
3685 24155 393
9504 25524 4845
321 608 85914
4200 6831 29523
3756 4135 47675
8373 7033 46250
8754 5757 17573
7640 53497 1372
2666 13252 240
972 1004 12553
6637 30650 5346
91568 4176 4034
61305 7894 4272
3384 3338 15951
3026 57404 9718
6280 6579 2419
2976 934 95176
1888 82 53625
85410 9992 6727
9984 3912 97541
1167 5269 5726
5205 59351 819
2060 64159 5772
3741 83059 3671
5877 88513 5777
6539 96459 6466
1446 38514 2918
3005 3643 4583
455 44575 8637
3864 37715 477
5669 7954 35785
1158 87053 8070
9970 684 45089
9229 52538 2163
29425 4443 4408
85 59140 1620
2674 1620 65190
3354 26505 9700
168 16395 6117
4586 6192 88195
4620 7134 53586
4926 27570 3218
2012 96514 9295
3035 1424 70358
100 64855 9493
7540 60 51053
3810 8046 70508
15502 4028 2705
4503 2298 1588
7687 61538 5726
884 3437 53572
769 5912 1845
96985 7128 4057
88105 9359 9452
7857 101 2607
8665 9157 33511
2835 35392 1357
401 8521 11075
25471 4012 6550
15232 8181 7662
1062 75741 8777
2137 56191 1315
8552 3241 56515
7974 9374 55270
25153 7182 4612
3258 73 55528
3721 79857 7444
65942 6111 667
1671 56975 1369
6781 1176 83853
23584 7908 8440
1244 15221 5399
20593 9156 9573
6865 3397 72159
5372 10875 3887
7575 6518 8616
25386 9528 2389
13552 2461 1810
4599 7645 30275
7622 27654 3853
8639 56319 1976
1661 5851 15081
5459 8368 3608
3475 85564 8681
8666 79859 4018
65576 2223 8613
6060 1469 45548
4147 75530 4664
9139 53665 4609
5667 85218 9108
19525 2009 7706
2702 91750 8927
65595 142 3632
2880 65807 9325
6999 53580 2942
5710 57373 3268
78525 9388 2432
26590 5419 3243
3468 53269 7405
95695 591 4790
52 8129 49503
3886 2159 55494
3390 54057 5809
8617 53377 9785
7804 84158 4061
5451 1106 4256
4316 52847 4844
5377 17501 5654
7095 51998 9725
4940 29850 8175
6024 4115 85138
2178 41605 5541
3636 339 75030
8039 71532 2356
8357 8383 55412
85695 8539 1176
310 25197 5016
4302 21052 1228
67533 5050 2656
6423 3528 11959
25162 176 4116
6395 55105 4968
2176 52531 9867
9997 9311 77514
4140 93335 5210
1908 61355 8213
1784 89652 5870
7317 27575 2556
2152 6619 53527
1423 5016 48568
1416 3591 36285
1982 93356 9294
7196 2830 56108
4576 2529 58059
47598 8304 9276
2448 4959 12529
4107 55889 3887
2430 2360 92335
9560 7483 64851
7976 85545 5070
8800 3948 59996
9162 77549 9095
15960 6087 1013
3933 6600 33515
1084 6443 53578
1460 75304 5107
4045 5773 32555
5895 45216 1035
3151 1891 7520
55811 608 1352
4244 3068 51450
6516 5702 8957
7316 99705 2924
6752 4996 44954
274 4591 59696
64153 4120 7322
770 625 12057
7255 57819 8052
3619 694 75514
9999 45666 2369
7107 1296 53515
1268 78516 1071
93599 2013 4812
77725 7002 8236
1361 20567 5656
91295 7033 4897
2084 25635 8996
9730 92295 8951
9659 8355 25466
24985 480 7749
15633 1137 8380
3195 1856 4843
6590 1717 15180
175 7662 32556
75805 7773 8010
2594 6207 55545
85194 1546 7480
77250 3417 554
7259 5385 5188
7907 45465 4343
4443 5629 67925
1419 25450 3200
7955 256 6472
7768 8320 59838
8797 30657 6010
8779 9655 40054
3450 5786 55538
42735 2472 6091
7329 2317 65265
1316 32215 5094
64557 3202 7469
5004 15987 9305
8868 15091 3019
3276 55256 5417
1106 1540 19537
98557 9287 1956
7184 8414 90546
2744 7930 90654
1797 824 60215
2294 6311 56215
6674 34755 7766
3918 2551 2357
6559 5243 11
111 43593 991
365 3112 37257
82458 5488 9363
68567 5015 613
86551 3811 8264
8333 45835 629
4765 52567 5822
93865 8151 3908
4566 457 82563
2288 92075 5718
9886 7196 9562
5038 6380 38553
1275 11052 406
2767 1809 38265
27566 3092 360
5807 8508 91350
25426 6649 9448
5328 677 57030
6305 443 51631
2715 2181 91685
8975 30356 6008
9803 65518 955
6741 4888 9591
992 2001 75995
22845 6408 3520
687 57432 260
1230 95915 8423
5804 7985 8855
8922 65388 6335
2432 8773 5119
7224 848 15693
262 9368 65775
3599 5678 2959
4054 0 42265
5789 9712 30905
2091 8422 95219
268 75598 6079
38357 2608 9194
10751 7604 6021
27951 9692 5354
52335 5828 5845
2173 428 97581
9730 27525 3346
26450 8053 6883
5245 35946 3759
9200 8750 55285
6861 286 1155
277 6082 53365
46575 793 4075
1304 4364 90965
6930 3943 51393
851 5757 43655
7645 774 59152
3851 8498 2253
4755 26675 9561
35668 1620 7056
8996 55623 8749
55152 5812 3695
4994 3438 2185
6731 5459 86595
98255 6983 1088
5047 16596 2150
3907 141 97257
4490 15485 6333
2497 23453 3305
41651 6998 7613
8955 803 60550
5946 9183 58735
9382 5732 25452
936 5735 32075
7541 16505 8931
27599 85 4604
85580 7272 5508
8818 5354 6789
8517 5887 36653
116 80156 7499
1650 95809 6118
4501 53429 3990
9058 59484 1868
6573 51 7940
85233 1648 9411
4665 1574 34958
4169 82253 4059
5632 95059 350
5989 23572 8563
1310 581 45629
6033 54949 253
14852 3224 9149
8379 3235 57553
3424 15208 4804
2836 518 75019
1531 6530 60588
4350 55763 4632
35960 6088 1236
99502 5408 4194
68695 7784 3073
6110 35776 6808
51945 3086 6953
7622 52251 8736
5479 589 573
3389 3555 79325
35955 3546 1695
32527 332 1301
1437 58519 5627
2953 7320 73052
8930 69538 3798
7228 4728 97550
5117 53553 8875
9012 2693 59012
20576 2853 6238
7947 3666 53438
908 1756 92250
8239 7330 45010
6330 1570 5977
2821 57335 7694
2951 55560 8640
7398 54133 278
1022 67157 242
2462 55125 5017
2244 3997 75698
3077 993 12345
26509 3227 906
81 21587 4572
7532 2839 86532
7076 25904 3026
2161 27853 7610
5805 5689 6126
59815 5530 6550
45632 4851 4825
7116 85573 5072
4425 30125 6947
2991 59695 4919
5208 17856 489
798 1592 45456
9276 51612 7717
9642 6122 65694
8249 7685 35085
6120 869 54650
4960 35471 3441
25667 1149 5295
1034 9954 29545
85255 2984 7362
64756 2391 1987
2344 8326 54900
5964 53626 6359
5707 75580 9278
6582 97530 1011
7632 64585 1723
4367 49359 892
5268 47685 2711
54530 2100 7230
89521 7675 6172
1568 1043 5121
2864 9572 55305
1660 53015 9497
83365 475 8919
4992 68515 4506
42582 8781 4260
711 6921 53347
16135 7708 5863
6079 25059 2490
4203 11526 3469
3800 5337 56286
4649 1948 99735
5830 59784 8528
17582 370 9453
289 1092 43659
7824 7836 35548
3288 50050 5876
7258 6796 6237
63205 3594 2558
63355 6603 5973
18504 8422 6427
7168 54471 933
3878 75170 2296
65078 8248 6963
22657 4335 9839
7758 58518 5638
27525 1502 9949
505 21514 9146
2398 5182 94055
33250 6519 7617
5437 93159 9331
5525 6502 976
5765 60395 5805
89945 4629 939
4989 5689 12250
3352 2341 15311
3116 3164 55995
1592 680 48555
39451 5303 174
6870 70257 5891
3397 14551 322
47585 9221 909
3903 7334 45671
8429 2674 87375
52520 3654 8142
9339 9591 1941
4371 35443 1403
3164 14115 5078
6375 4425 6283
6174 6148 55405
45876 9239 8096
920 1006 50585
78552 1197 2924
2069 55545 7602
462 55651 1487
534 5401 57988
4356 34975 9086
5593 913 5669
47255 683 2769
9843 78511 7950
21557 7117 2767
4952 8947 4049
193 76520 8083
3531 10135 6529
24517 5301 1870
1583 58950 779
9906 8614 97915
5776 4766 78658
3427 1290 56814
1868 85639 1436
7751 92658 8370
5559 6131 9583
2658 9132 55122
6277 15185 74
1257 9419 59136
3740 3212 895
9589 8685 89756
7342 37525 6860
6082 28583 9863
3898 55781 2611
4573 37 3239
79577 1054 6473
2641 55491 6559
2128 55955 1053
7588 46245 1824
65584 1331 9930
3087 95966 9586
174 69251 8289
9263 2388 35755
86285 1002 1210
3419 58385 2836
54451 1386 4963
9194 87525 4160
7177 38605 8883
9581 8397 85929
9070 62025 1291
7367 2731 84351
6933 51677 1955
4245 15370 8310
2815 2357 4895
35465 3232 3187
3823 55471 6434
55916 7780 8428
23506 8322 4610
7377 4394 55946
8682 5012 82635
95521 6715 7446
3211 85251 1885
15889 6378 3600
40 1925 37595
9650 85547 4121
738 89953 9323
8325 4826 52063
325 2062 6750
23359 3369 2823
65577 5267 2128
5042 13365 6072
2765 3701 55516
8139 22535 6738
54958 3024 659
55165 569 2796
7780 57135 3095
7050 1791 59081
5344 2593 5386
52125 6667 4146
4510 98335 6492
9461 8525 9936
2897 8413 25794
9605 27455 3275
3575 54057 7694
7830 95658 611
4588 8759 4538
5645 832 5777
5513 6488 6537
4698 53728 1654
8282 22585 3713
15474 7690 5050
1028 1042 36577
14554 6459 2999
963 51946 8358
2815 68153 2371
7752 7175 6451
66254 6057 4594
2736 6878 4395
92586 3456 8873
1148 9191 57893
25299 9963 5820
68445 8006 434
1094 7581 3328
7148 43685 4328
4959 7085 6642
105 3865 89590
4583 4339 45897
311 2457 76659
4982 31435 6547
44531 4457 9592
342 79385 3160
512 4926 85771
33445 1380 5907
5708 392 57656
8303 25574 6118
65868 6649 8704
4276 2699 42566
3758 45922 8715
7169 7352 19695
7656 14005 8920
93157 9770 1823
4782 78519 9354
600 4798 90560
5665 4552 36257
35592 3375 3941
8432 15596 536
720 50558 9514
7501 8571 9573
1492 14355 7629
8974 7118 14205
4059 6321 58762
1790 74 71265
6870 8685 25343
8240 3028 39562
7649 12534 4157
7463 15733 6616
43529 4910 999
1893 5959 11528
